BRU	0.5323	0.2993	0.1683	GUA	1	0
VAS	0.5323	0.2993	0.1683	VNO	1	1
BAH	0.5323	0.2993	0.1683	CRU	2	0
CHA	0.5323	0.2993	0.1683	ITU	1	1
PON	0.5323	0.2993	0.1683	GRE	0	0
SPT	0.5323	0.2993	0.1683	SCO	1	0
TOM	0.5323	0.2993	0.1683	OPE	1	1
LEC	0.5323	0.2993	0.1683	NAU	2	0
NOV	0.5323	0.2993	0.1683	CRB	3	1
CSA	0.5323	0.2993	0.1683	CRI	1	1
VNO	0.5176	0.3039	0.1784	NOV	0	0
CRU	0.5078	0.3068	0.1854	BRU	1	0
CRI	0.5176	0.3039	0.1784	LEC	1	0
GRE	0.5323	0.2993	0.1683	CHA	0	1
NAU	0.5028	0.3082	0.1890	BAH	0	1
OPE	0.5323	0.2993	0.1683	PON	2	0
ITU	0.5323	0.2993	0.1683	CSA	0	0
SCO	0.5225	0.3024	0.1750	TOM	1	1
GUA	0.5127	0.3054	0.1819	SPT	0	0
CRB	0.5176	0.3039	0.1784	VAS	1	1
GRE	0.5320	0.2994	0.1685	GUA	3	1
LEC	0.5225	0.3024	0.1750	NOV	1	1
CSA	0.5082	0.3067	0.1851	BAH	1	1
CHA	0.5422	0.2961	0.1617	VAS	0	0
CRI	0.5328	0.2992	0.1680	SPT	1	1
PON	0.5321	0.2994	0.1685	CRB	1	0
SCO	0.5230	0.3023	0.1747	BRU	3	1
ITU	0.5321	0.2994	0.1685	VNO	3	1
TOM	0.5367	0.2979	0.1654	CRU	1	1
NAU	0.4933	0.3108	0.1959	OPE	2	0
SPT	0.5272	0.3010	0.1719	ITU	1	0
NOV	0.5370	0.2978	0.1652	CHA	0	3
BRU	0.5167	0.3042	0.1791	CSA	2	0
VNO	0.5180	0.3038	0.1782	TOM	1	1
BAH	0.5506	0.2932	0.1562	SCO	1	0
CRU	0.5230	0.3023	0.1747	LEC	1	0
CRB	0.5166	0.3042	0.1792	NAU	1	2
OPE	0.5266	0.3012	0.1722	GRE	0	1
GUA	0.4979	0.3096	0.1925	CRI	1	0
VAS	0.5371	0.2978	0.1651	PON	1	0
LEC	0.5414	0.2964	0.1622	VNO	2	2
ITU	0.5038	0.3080	0.1883	BAH	1	0
CSA	0.4980	0.3096	0.1924	SPT	1	0
GRE	0.5795	0.2826	0.1378	CRB	2	0
SCO	0.5385	0.2973	0.1641	OPE	1	1
CHA	0.5535	0.2922	0.1543	CRU	0	2
PON	0.5179	0.3038	0.1782	BRU	2	0
CRI	0.5349	0.2985	0.1666	NOV	1	1
TOM	0.5223	0.3025	0.1752	VAS	1	1
NAU	0.5471	0.2944	0.1585	GUA	1	1
BAH	0.5601	0.2899	0.1500	LEC	4	0
BRU	0.5052	0.3076	0.1872	CHA	0	0
VNO	0.5174	0.3040	0.1786	NAU	2	0
SPT	0.5416	0.2963	0.1621	TOM	2	0
OPE	0.5222	0.3025	0.1753	CRI	2	0
NOV	0.5144	0.3049	0.1807	ITU	2	1
VAS	0.5461	0.2948	0.1591	CSA	1	0
GUA	0.5182	0.3037	0.1780	PON	0	0
CRU	0.5247	0.3018	0.1736	GRE	1	0
CRB	0.4888	0.3120	0.1992	SCO	2	1
PON	0.5253	0.3016	0.1731	NOV	0	1
CHA	0.5201	0.3032	0.1767	SPT	0	1
CRI	0.5539	0.2921	0.1540	CRB	3	0
LEC	0.4911	0.3114	0.1975	BRU	2	1
TOM	0.5311	0.2997	0.1692	GUA	1	1
SCO	0.5167	0.3042	0.1791	VNO	2	0
CSA	0.5138	0.3051	0.1811	OPE	0	0
NAU	0.4872	0.3124	0.2004	CRU	0	1
VAS	0.4773	0.3149	0.2078	BAH	1	0
ITU	0.5189	0.3035	0.1775	GRE	1	1
NOV	0.5160	0.3044	0.1796	SPT	0	0
CRB	0.5240	0.3020	0.1740	LEC	1	0
GRE	0.5489	0.2938	0.1573	CRI	0	0
VNO	0.5164	0.3043	0.1793	CHA	0	0
GUA	0.4887	0.3120	0.1992	VAS	0	0
NAU	0.5227	0.3024	0.1749	CSA	1	1
BRU	0.5219	0.3026	0.1755	TOM	1	0
BAH	0.6020	0.2736	0.1244	PON	2	1
OPE	0.5313	0.2997	0.1690	ITU	3	2
CRU	0.5709	0.2859	0.1432	SCO	2	0
SPT	0.6060	0.2720	0.1221	CRB	0	1
PON	0.5125	0.3055	0.1821	CHA	0	0
LEC	0.4621	0.3185	0.2195	OPE	2	1
VAS	0.5756	0.2841	0.1403	BRU	2	0
ITU	0.5507	0.2932	0.1561	NAU	0	0
TOM	0.4341	0.3240	0.2419	BAH	1	0
CRI	0.4798	0.3143	0.2059	CRU	0	1
CSA	0.5012	0.3087	0.1901	NOV	2	1
SCO	0.5316	0.2996	0.1688	GUA	2	1
VNO	0.5003	0.3089	0.1908	GRE	0	0
CRB	0.5029	0.3082	0.1889	CSA	0	0
VAS	0.5573	0.2909	0.1518	GRE	0	0
GUA	0.5231	0.3023	0.1746	VNO	1	1
SPT	0.5715	0.2857	0.1428	PON	2	1
OPE	0.4722	0.3161	0.2116	CRU	1	2
NOV	0.5429	0.2959	0.1612	SCO	0	0
BAH	0.5979	0.2753	0.1268	CRI	2	1
BRU	0.5263	0.3013	0.1725	NAU	1	2
TOM	0.5237	0.3021	0.1742	ITU	2	1
CHA	0.5769	0.2837	0.1395	LEC	0	3
GUA	0.5155	0.3046	0.1800	OPE	0	3
NAU	0.4760	0.3152	0.2088	VAS	2	3
LEC	0.5097	0.3063	0.1840	TOM	1	1
VNO	0.5570	0.2910	0.1520	BRU	0	2
CRI	0.5197	0.3033	0.1770	SCO	3	1
ITU	0.5446	0.2953	0.1601	PON	1	2
CSA	0.5452	0.2951	0.1597	CHA	1	1
GRE	0.5433	0.2957	0.1609	NOV	2	0
CRU	0.6305	0.2612	0.1082	CRB	2	0
BAH	0.5695	0.2864	0.1440	SPT	1	0
SCO	0.5359	0.2982	0.1659	NAU	2	0
CHA	0.5168	0.3042	0.1791	CRI	2	3
BRU	0.5336	0.2989	0.1674	ITU	0	1
PON	0.5408	0.2966	0.1626	LEC	1	2
CRB	0.5162	0.3043	0.1794	VNO	1	0
OPE	0.4637	0.3181	0.2182	BAH	0	1
NOV	0.5633	0.2887	0.1480	GUA	1	2
VAS	0.4996	0.3091	0.1913	CRU	1	0
TOM	0.5326	0.2992	0.1681	CSA	2	1
SPT	0.5221	0.3026	0.1753	GRE	0	0
BAH	0.6392	0.2573	0.1035	CHA	0	1
CRU	0.6278	0.2625	0.1097	PON	2	0
VNO	0.4910	0.3115	0.1976	OPE	0	0
CRI	0.5729	0.2851	0.1419	BRU	0	1
CRB	0.5124	0.3055	0.1821	ITU	1	1
GRE	0.5677	0.2871	0.1452	SCO	2	0
NOV	0.5084	0.3067	0.1850	TOM	1	3
LEC	0.4534	0.3203	0.2263	VAS	0	1
NAU	0.4725	0.3161	0.2114	SPT	1	1
GUA	0.5173	0.3040	0.1787	CSA	0	0
CHA	0.5516	0.2929	0.1555	CRB	1	2
PON	0.5105	0.3060	0.1835	SCO	0	0
CSA	0.4712	0.3164	0.2124	GRE	1	1
LEC	0.5365	0.2980	0.1655	GUA	3	1
VAS	0.5986	0.2750	0.1263	OPE	3	0
CRI	0.5677	0.2871	0.1452	VNO	1	0
BAH	0.6342	0.2595	0.1062	NOV	0	1
SPT	0.5755	0.2842	0.1403	BRU	0	0
TOM	0.5867	0.2798	0.1335	NAU	1	1
ITU	0.4288	0.3249	0.2462	CRU	1	1
OPE	0.5435	0.2957	0.1609	CHA	2	1
SCO	0.5275	0.3009	0.1716	CSA	2	0
BRU	0.4439	0.3222	0.2339	BAH	0	2
GRE	0.5859	0.2802	0.1340	LEC	1	0
GUA	0.5026	0.3083	0.1891	ITU	0	2
CRU	0.5942	0.2768	0.1290	SPT	2	1
VNO	0.5242	0.3019	0.1739	PON	1	1
NAU	0.4896	0.3118	0.1986	CRI	1	1
CRB	0.4882	0.3122	0.1996	TOM	0	0
NOV	0.4235	0.3258	0.2506	VAS	2	0
CHA	0.5008	0.3088	0.1904	SCO	3	1
BRU	0.5013	0.3087	0.1901	OPE	2	0
CRU	0.6625	0.2461	0.0914	VNO	2	0
LEC	0.5414	0.2964	0.1622	CSA	0	0
ITU	0.5260	0.3013	0.1726	CRI	1	2
NAU	0.5014	0.3086	0.1900	NOV	3	1
CRB	0.5653	0.2880	0.1467	GUA	1	1
PON	0.4735	0.3158	0.2107	TOM	0	0
VAS	0.5876	0.2795	0.1329	SPT	0	0
BAH	0.5553	0.2916	0.1531	GRE	0	0
OPE	0.5371	0.2978	0.1651	CRB	2	3
NOV	0.5328	0.2992	0.1680	BRU	1	0
CSA	0.5428	0.2959	0.1613	PON	0	1
VNO	0.3931	0.3299	0.2769	BAH	1	1
GRE	0.6032	0.2731	0.1237	NAU	2	0
GUA	0.3667	0.3323	0.3011	CRU	1	0
SPT	0.5635	0.2886	0.1478	LEC	2	0
TOM	0.5687	0.2867	0.1446	CHA	2	1
CRI	0.4800	0.3143	0.2057	VAS	0	1
SCO	0.5230	0.3023	0.1747	ITU	2	0
OPE	0.4755	0.3153	0.2091	SPT	0	0
CRI	0.5675	0.2872	0.1453	PON	1	1
VNO	0.5131	0.3053	0.1816	CSA	1	2
ITU	0.5410	0.2965	0.1625	LEC	0	0
CRB	0.5472	0.2944	0.1584	BRU	1	1
GRE	0.5720	0.2855	0.1425	TOM	3	0
SCO	0.4500	0.3210	0.2290	VAS	3	1
GUA	0.4097	0.3279	0.2624	BAH	0	2
NAU	0.5286	0.3005	0.1709	CHA	1	2
CRU	0.6294	0.2617	0.1089	NOV	2	1
SPT	0.6204	0.2658	0.1139	VNO	0	0
BRU	0.4169	0.3268	0.2562	GRE	1	1
LEC	0.4864	0.3127	0.2010	SCO	1	0
BAH	0.6288	0.2620	0.1092	CRB	1	1
TOM	0.5365	0.2980	0.1655	CRI	1	0
VAS	0.6136	0.2687	0.1177	ITU	1	1
PON	0.5461	0.2948	0.1591	NAU	1	0
CSA	0.3995	0.3292	0.2713	CRU	1	1
CHA	0.5697	0.2864	0.1440	GUA	0	0
NOV	0.5431	0.2958	0.1611	OPE	2	1
SCO	0.5098	0.3062	0.1840	SPT	4	1
CRU	0.5460	0.2948	0.1592	BAH	1	0
GRE	0.6277	0.2625	0.1098	PON	2	1
VNO	0.4049	0.3285	0.2666	VAS	1	0
NAU	0.5031	0.3082	0.1888	LEC	1	2
ITU	0.5285	0.3006	0.1709	CHA	1	0
CRB	0.5272	0.3010	0.1718	NOV	2	1
GUA	0.5034	0.3081	0.1885	BRU	1	1
CRI	0.5555	0.2915	0.1530	CSA	2	1
OPE	0.4726	0.3160	0.2113	TOM	0	0
CHA	0.4100	0.3278	0.2621	GRE	0	0
VAS	0.5821	0.2816	0.1362	CRB	4	0
SPT	0.5931	0.2773	0.1296	GUA	2	1
BAH	0.6593	0.2477	0.0930	NAU	3	0
TOM	0.5323	0.2993	0.1683	SCO	3	0
BRU	0.3919	0.3301	0.2780	CRU	0	0
LEC	0.5127	0.3054	0.1819	CRI	1	1
NOV	0.5674	0.2872	0.1454	VNO	1	1
PON	0.5427	0.2959	0.1614	OPE	3	0
CSA	0.5096	0.3063	0.1841	ITU	1	3
VAS	0.6481	0.2531	0.0988	CHA	0	0
SPT	0.5418	0.2962	0.1619	CRI	1	1
BRU	0.5034	0.3081	0.1885	SCO	1	1
CRB	0.4899	0.3117	0.1983	PON	1	1
OPE	0.5525	0.2926	0.1549	NAU	1	0
GUA	0.3754	0.3316	0.2930	GRE	1	2
NOV	0.5267	0.3011	0.1721	LEC	0	1
BAH	0.6618	0.2464	0.0918	CSA	1	0
CRU	0.6001	0.2744	0.1255	TOM	2	0
VNO	0.4776	0.3148	0.2075	ITU	1	1
ITU	0.5167	0.3042	0.1791	SPT	4	1
GRE	0.6626	0.2461	0.0914	OPE	5	1
PON	0.4248	0.3256	0.2496	VAS	3	1
CSA	0.4998	0.3091	0.1911	BRU	1	0
LEC	0.4060	0.3284	0.2657	CRU	1	2
SCO	0.4349	0.3239	0.2412	BAH	2	0
TOM	0.6056	0.2721	0.1223	VNO	0	0
NAU	0.4993	0.3092	0.1915	CRB	2	1
CHA	0.5347	0.2986	0.1667	NOV	2	2
CRI	0.6079	0.2712	0.1209	GUA	0	0
VNO	0.4918	0.3112	0.1970	LEC	0	0
BRU	0.4897	0.3118	0.1985	PON	2	1
BAH	0.5937	0.2770	0.1293	ITU	2	0
OPE	0.4245	0.3257	0.2498	SCO	1	1
VAS	0.5858	0.2802	0.1340	TOM	3	1
SPT	0.5771	0.2836	0.1394	CSA	4	0
CRU	0.6735	0.2406	0.0859	CHA	1	1
GUA	0.5349	0.2985	0.1666	NAU	1	0
CRB	0.3293	0.3333	0.3374	GRE	2	0
NOV	0.4988	0.3093	0.1918	CRI	3	1
LEC	0.4240	0.3257	0.2503	BAH	1	1
CRI	0.6043	0.2727	0.1231	OPE	2	0
CSA	0.3409	0.3333	0.3259	VAS	2	0
TOM	0.4941	0.3106	0.1953	SPT	1	0
ITU	0.5491	0.2938	0.1571	NOV	1	0
NAU	0.4992	0.3092	0.1916	VNO	1	2
PON	0.5881	0.2793	0.1326	GUA	1	0
CHA	0.5342	0.2987	0.1670	BRU	1	0
SCO	0.5907	0.2782	0.1310	CRB	1	2
GRE	0.5253	0.3016	0.1731	CRU	2	2
SPT	0.5817	0.2818	0.1365	CHA	1	0
NOV	0.5050	0.3076	0.1873	PON	1	1
GRE	0.6321	0.2605	0.1074	ITU	0	1
VNO	0.4835	0.3134	0.2031	SCO	0	0
CRU	0.7235	0.2135	0.0630	NAU	4	0
GUA	0.4405	0.3229	0.2367	TOM	2	1
CRB	0.4971	0.3098	0.1931	CRI	0	0
OPE	0.5123	0.3055	0.1822	CSA	0	0
BRU	0.5071	0.3070	0.1858	LEC	0	1
BAH	0.5523	0.2926	0.1551	VAS	2	1
CHA	0.5500	0.2934	0.1566	VNO	1	2
SPT	0.5977	0.2754	0.1269	NOV	1	0
LEC	0.5626	0.2890	0.1484	CRB	1	0
SCO	0.3726	0.3318	0.2955	CRU	1	1
ITU	0.6472	0.2535	0.0993	OPE	0	0
CRI	0.4243	0.3257	0.2500	GRE	2	0
CSA	0.5817	0.2818	0.1365	NAU	2	0
TOM	0.5840	0.2809	0.1351	BRU	1	0
VAS	0.6469	0.2536	0.0994	GUA	2	1
PON	0.4325	0.3243	0.2432	BAH	2	0
NAU	0.3628	0.3325	0.3047	ITU	2	0
CRU	0.6625	0.2461	0.0914	CRI	1	1
CRB	0.4347	0.3239	0.2413	SPT	2	0
GRE	0.6463	0.2539	0.0998	VNO	2	1
NOV	0.5659	0.2878	0.1464	CSA	1	1
GUA	0.4551	0.3199	0.2249	SCO	3	0
BRU	0.4046	0.3286	0.2668	VAS	1	0
BAH	0.5980	0.2753	0.1267	TOM	2	1
CHA	0.4774	0.3149	0.2077	PON	3	0
OPE	0.4255	0.3255	0.2490	LEC	1	0
PON	0.4969	0.3099	0.1933	SPT	1	0
CSA	0.4918	0.3112	0.1969	CRB	1	1
NAU	0.4484	0.3213	0.2302	BRU	1	0
CRI	0.4580	0.3193	0.2226	BAH	0	0
ITU	0.5288	0.3005	0.1707	TOM	3	0
LEC	0.5439	0.2955	0.1606	CHA	2	1
GRE	0.5711	0.2858	0.1431	VAS	2	1
SCO	0.5526	0.2925	0.1549	NOV	2	1
CRU	0.7403	0.2037	0.0560	OPE	1	0
VNO	0.5420	0.2962	0.1619	GUA	2	1
PON	0.5230	0.3023	0.1747	ITU	1	1
CRB	0.3395	0.3333	0.3272	CRU	0	2
SPT	0.4657	0.3176	0.2167	BAH	1	0
BRU	0.5082	0.3067	0.1851	VNO	0	1
NOV	0.3799	0.3313	0.2888	GRE	2	0
OPE	0.4990	0.3093	0.1917	GUA	0	1
VAS	0.6814	0.2365	0.0821	NAU	4	1
SCO	0.5087	0.3066	0.1847	CRI	1	1
TOM	0.5169	0.3041	0.1790	LEC	1	1
CHA	0.5712	0.2858	0.1430	CSA	1	0
GUA	0.5062	0.3073	0.1865	NOV	2	0
CSA	0.4667	0.3174	0.2159	TOM	2	0
NAU	0.4037	0.3287	0.2676	SCO	1	3
CRI	0.5684	0.2868	0.1447	CHA	2	0
ITU	0.6134	0.2688	0.1178	BRU	2	0
LEC	0.5258	0.3014	0.1728	PON	0	2
GRE	0.5831	0.2812	0.1356	SPT	3	0
BAH	0.6965	0.2285	0.0750	OPE	2	2
CRU	0.6376	0.2580	0.1044	VAS	3	0
VNO	0.5480	0.2941	0.1579	CRB	1	0
PON	0.3669	0.3322	0.3008	CRU	1	4
CSA	0.5089	0.3065	0.1846	GUA	1	2
SPT	0.6791	0.2377	0.0832	NAU	2	1
BRU	0.4186	0.3266	0.2548	CRI	0	2
ITU	0.6092	0.2706	0.1202	CRB	1	0
OPE	0.4428	0.3224	0.2348	VNO	1	1
VAS	0.5877	0.2794	0.1329	LEC	1	1
SCO	0.4352	0.3238	0.2410	GRE	2	1
TOM	0.5459	0.2949	0.1593	NOV	2	0
CHA	0.4213	0.3262	0.2526	BAH	3	1
GUA	0.5152	0.3046	0.1801	LEC	1	0
CRB	0.4900	0.3117	0.1983	CHA	2	1
NAU	0.3931	0.3300	0.2769	TOM	4	3
BRU	0.4119	0.3276	0.2605	SPT	0	1
NOV	0.4144	0.3272	0.2584	BAH	1	1
OPE	0.3841	0.3309	0.2850	VAS	2	3
GRE	0.6795	0.2375	0.0830	CSA	2	0
SCO	0.5399	0.2969	0.1632	PON	2	1
CRU	0.6774	0.2386	0.0840	ITU	1	1
VNO	0.4720	0.3162	0.2118	CRI	1	0
PON	0.5380	0.2975	0.1645	VNO	1	1
CSA	0.4204	0.3263	0.2533	SCO	0	0
SPT	0.3665	0.3323	0.3012	CRU	3	1
CRI	0.6877	0.2332	0.0791	NAU	2	1
ITU	0.5905	0.2783	0.1312	GUA	2	1
LEC	0.4060	0.3284	0.2656	GRE	1	1
VAS	0.6332	0.2600	0.1068	NOV	3	0
BAH	0.6759	0.2394	0.0848	BRU	1	0
TOM	0.5536	0.2922	0.1542	CRB	1	2
CHA	0.6112	0.2698	0.1191	OPE	1	1
GUA	0.5424	0.2960	0.1616	CRB	1	0
CSA	0.4707	0.3165	0.2128	LEC	0	1
SPT	0.5181	0.3038	0.1781	VAS	1	1
CRI	0.5223	0.3025	0.1752	ITU	3	0
NOV	0.6059	0.2720	0.1221	NAU	6	0
OPE	0.5325	0.2993	0.1682	BRU	0	0
TOM	0.4954	0.3103	0.1944	PON	0	0
GRE	0.5675	0.2872	0.1453	BAH	1	1
SCO	0.5845	0.2807	0.1348	CHA	2	1
VNO	0.3458	0.3332	0.3210	CRU	1	0
PON	0.6175	0.2670	0.1155	CSA	0	2
CRB	0.5909	0.2782	0.1310	OPE	2	1
NAU	0.2293	0.3211	0.4496	GRE	0	3
BRU	0.4280	0.3251	0.2469	NOV	2	2
ITU	0.5304	0.3000	0.1696	SCO	1	0
LEC	0.4685	0.3170	0.2145	SPT	2	1
VAS	0.5403	0.2967	0.1630	CRI	2	1
BAH	0.5883	0.2792	0.1325	VNO	1	1
CRU	0.6967	0.2284	0.0749	GUA	0	1
CHA	0.5313	0.2997	0.1690	TOM	3	2
PON	0.4665	0.3175	0.2160	CRI	1	1
CSA	0.4499	0.3210	0.2290	VNO	1	0
SPT	0.6765	0.2390	0.0844	OPE	5	1
BRU	0.4633	0.3182	0.2186	CRB	0	0
NOV	0.3685	0.3321	0.2993	CRU	1	4
LEC	0.4888	0.3120	0.1991	ITU	0	2
VAS	0.5814	0.2819	0.1367	SCO	2	3
BAH	0.5995	0.2747	0.1259	GUA	1	1
TOM	0.3738	0.3318	0.2944	GRE	2	2
CHA	0.7042	0.2243	0.0715	NAU	1	0
GUA	0.5476	0.2943	0.1582	CHA	1	0
CRB	0.4277	0.3251	0.2472	BAH	1	2
NAU	0.3180	0.3331	0.3489	PON	0	1
CRI	0.6186	0.2665	0.1148	TOM	2	0
ITU	0.5239	0.3020	0.1741	VAS	0	1
OPE	0.3923	0.3300	0.2777	NOV	0	3
GRE	0.7188	0.2162	0.0650	BRU	3	0
SCO	0.5807	0.2822	0.1371	LEC	2	1
CRU	0.7300	0.2097	0.0603	CSA	3	2
VNO	0.4459	0.3218	0.2323	SPT	0	0
